  1.0000000e-002  6.4258461e-002
  2.0000000e-002  1.1446605e-001
  3.0000000e-002  1.1843902e-001
  4.0000000e-002  1.9805288e-001
  5.0000000e-002  2.2179496e-001
  6.0000000e-002  2.3045808e-001
  7.0000000e-002  2.7262940e-001
  8.0000000e-002  3.1699522e-001
  9.0000000e-002  3.6639611e-001
  1.0000000e-001  3.9365354e-001
  1.1000000e-001  3.7828871e-001
  1.2000000e-001  4.4213543e-001
  1.3000000e-001  4.6294532e-001
  1.4000000e-001  4.5920156e-001
  1.5000000e-001  4.9323514e-001
  1.6000000e-001  4.7712103e-001
  1.7000000e-001  5.0650931e-001
  1.8000000e-001  5.4526020e-001
  1.9000000e-001  5.5185953e-001
  2.0000000e-001  5.7178626e-001
  2.1000000e-001  5.6700843e-001
  2.2000000e-001  5.4532205e-001
  2.3000000e-001  5.9426894e-001
  2.4000000e-001  6.0580237e-001
  2.5000000e-001  5.9939495e-001
  2.6000000e-001  6.0881482e-001
  2.7000000e-001  6.1271501e-001
  2.8000000e-001  5.9900608e-001
  2.9000000e-001  6.1525364e-001
  3.0000000e-001  5.9341382e-001
  3.1000000e-001  6.2186056e-001
  3.2000000e-001  5.8922026e-001
  3.3000000e-001  6.0194769e-001
  3.4000000e-001  5.9031997e-001
  3.5000000e-001  5.9224765e-001
  3.6000000e-001  6.2744484e-001
  3.7000000e-001  6.1942551e-001
  3.8000000e-001  5.9851112e-001
  3.9000000e-001  6.2772664e-001
  4.0000000e-001  5.7911073e-001
  4.1000000e-001  5.9613700e-001
  4.2000000e-001  5.8975138e-001
  4.3000000e-001  6.0510802e-001
  4.4000000e-001  6.0245766e-001
  4.5000000e-001  5.6763422e-001
  4.6000000e-001  5.7811889e-001
  4.7000000e-001  5.7101603e-001
  4.8000000e-001  5.7594227e-001
  4.9000000e-001  5.7378568e-001
  5.0000000e-001  5.7055973e-001
  5.1000000e-001  5.4096721e-001
  5.2000000e-001  5.5533892e-001
  5.3000000e-001  5.4815777e-001
  5.4000000e-001  5.1745707e-001
  5.5000000e-001  5.0908713e-001
  5.6000000e-001  5.2176534e-001
  5.7000000e-001  5.3845471e-001
  5.8000000e-001  5.0102845e-001
  5.9000000e-001  5.0674570e-001
  6.0000000e-001  4.8208726e-001
  6.1000000e-001  5.0182473e-001
  6.2000000e-001  4.7033991e-001
  6.3000000e-001  4.7617405e-001
  6.4000000e-001  4.7909611e-001
  6.5000000e-001  4.8193590e-001
  6.6000000e-001  4.7859305e-001
  6.7000000e-001  4.5122284e-001
  6.8000000e-001  4.2402884e-001
  6.9000000e-001  4.1780565e-001
  7.0000000e-001  4.1647291e-001
  7.1000000e-001  4.3890826e-001
  7.2000000e-001  4.0288454e-001
  7.3000000e-001  4.2421037e-001
  7.4000000e-001  3.8902995e-001
  7.5000000e-001  4.1671027e-001
  7.6000000e-001  3.8117917e-001
  7.7000000e-001  3.6698558e-001
  7.8000000e-001  3.6323198e-001
  7.9000000e-001  3.7505110e-001
  8.0000000e-001  3.6153626e-001
  8.1000000e-001  3.4913215e-001
  8.2000000e-001  3.6682473e-001
  8.3000000e-001  3.4833957e-001
  8.4000000e-001  3.4041653e-001
  8.5000000e-001  3.5270676e-001
  8.6000000e-001  3.1512017e-001
  8.7000000e-001  3.3273528e-001
  8.8000000e-001  3.2667604e-001
  8.9000000e-001  3.0219469e-001
  9.0000000e-001  3.0581589e-001
  9.1000000e-001  2.7554048e-001
  9.2000000e-001  2.6883964e-001
  9.3000000e-001  2.8714852e-001
  9.4000000e-001  2.9410629e-001
  9.5000000e-001  2.9646106e-001
  9.6000000e-001  2.5094217e-001
  9.7000000e-001  2.6764847e-001
  9.8000000e-001  2.5751160e-001
  9.9000000e-001  2.2954649e-001
  1.0000000e+000  2.4079147e-001
  1.0100000e+000  2.2710309e-001
  1.0200000e+000  2.5384147e-001
  1.0300000e+000  2.2489582e-001
  1.0400000e+000  2.3104393e-001
  1.0500000e+000  2.0825610e-001
  1.0600000e+000  2.2550307e-001
  1.0700000e+000  2.0405645e-001
  1.0800000e+000  2.1918899e-001
  1.0900000e+000  2.1659575e-001
  1.1000000e+000  2.1526500e-001
  1.1100000e+000  1.9617881e-001
  1.1200000e+000  1.7370852e-001
  1.1300000e+000  1.7690287e-001
  1.1400000e+000  2.0712775e-001
  1.1500000e+000  1.6515631e-001
  1.1600000e+000  1.9497383e-001
  1.1700000e+000  1.7681407e-001
  1.1800000e+000  1.9598537e-001
  1.1900000e+000  1.4643611e-001
  1.2000000e+000  1.6107625e-001
  1.2100000e+000  1.4075555e-001
  1.2200000e+000  1.8006323e-001
  1.2300000e+000  1.2880952e-001
  1.2400000e+000  1.6399612e-001
  1.2500000e+000  1.6285107e-001
  1.2600000e+000  1.6221769e-001
  1.2700000e+000  1.1986273e-001
  1.2800000e+000  1.3254818e-001
  1.2900000e+000  1.2253000e-001
  1.3000000e+000  1.4657585e-001
  1.3100000e+000  1.2523675e-001
  1.3200000e+000  1.4634893e-001
  1.3300000e+000  1.0711545e-001
  1.3400000e+000  1.0847501e-001
  1.3500000e+000  9.9877978e-002
  1.3600000e+000  9.6774194e-002
  1.3700000e+000  1.3085787e-001
  1.3800000e+000  1.1385290e-001
  1.3900000e+000  1.0988622e-001
  1.4000000e+000  8.7216778e-002
  1.4100000e+000  1.2024591e-001
  1.4200000e+000  1.0637110e-001
  1.4300000e+000  9.0537835e-002
  1.4400000e+000  9.6421638e-002
  1.4500000e+000  8.8664793e-002
  1.4600000e+000  7.0233453e-002
  1.4700000e+000  7.6336368e-002
  1.4800000e+000  6.8455892e-002
  1.4900000e+000  6.9477893e-002
  1.5000000e+000  7.0315100e-002
  1.5100000e+000  7.7257458e-002
  1.5200000e+000  5.6994369e-002
  1.5300000e+000  9.7805172e-002
  1.5400000e+000  9.8105889e-002
  1.5500000e+000  7.3645620e-002
  1.5600000e+000  7.1838940e-002
  1.5700000e+000  6.2573475e-002
  1.5800000e+000  8.9037997e-002
  1.5900000e+000  6.0881361e-002
  1.6000000e+000  4.6398114e-002
  1.6100000e+000  7.8304100e-002
  1.6200000e+000  5.7265861e-002
  1.6300000e+000  4.8384157e-002
  1.6400000e+000  5.5048480e-002
  1.6500000e+000  3.8260850e-002
  1.6600000e+000  3.8653384e-002
  1.6700000e+000  7.7804572e-002
  1.6800000e+000  7.7186213e-002
  1.6900000e+000  5.6846880e-002
  1.7000000e+000  2.9811323e-002
  1.7100000e+000  3.7325588e-002
  1.7200000e+000  4.2036546e-002
  1.7300000e+000  6.4257561e-002
  1.7400000e+000  2.2813935e-002
  1.7500000e+000  2.3066976e-002
  1.7600000e+000  2.8262892e-002
  1.7700000e+000  5.1191825e-002
  1.7800000e+000  5.4269369e-002
  1.7900000e+000  4.9041773e-002
  1.8000000e+000  3.8195414e-002
  1.8100000e+000  4.2017462e-002
  1.8200000e+000  2.8523398e-002
  1.8300000e+000  5.0004415e-002
  1.8400000e+000  2.1301552e-002
  1.8500000e+000  4.5297751e-002
  1.8600000e+000  1.9260417e-002
  1.8700000e+000  2.7655228e-002
  1.8800000e+000  3.9677891e-002
  1.8900000e+000  4.6593699e-002
  1.9000000e+000  1.0842960e-002
  1.9100000e+000  5.2478886e-002
  1.9200000e+000  4.4036305e-002
  1.9300000e+000  2.8849110e-002
  1.9400000e+000  2.5578699e-002
  1.9500000e+000  2.5418204e-002
  1.9600000e+000  1.7706369e-002
  1.9700000e+000  2.7140474e-002
  1.9800000e+000  2.6595672e-002
  1.9900000e+000  4.1296088e-002
  2.0000000e+000  3.9529093e-002
