vg3	I(Vb1)
Step Information: Vbias=5m  (Step: 1/30)
-3.000000000000000e-01	-1.382651e-29
-2.700000000000000e-01	-6.858259e-18
-2.400000000000000e-01	-1.147447e-08
-2.100000000000000e-01	-3.186560e-16
-1.800000000000000e-01	-7.030445e-28
-1.500000000000000e-01	-1.250830e-33
-1.200000000000000e-01	-7.578047e-22
-9.000000000000002e-02	-1.456690e-10
-6.000000000000003e-02	-2.174298e-12
-3.000000000000003e-02	-7.012603e-24
-2.775557561562891e-17	-3.345086e-33
2.999999999999997e-02	-7.786582e-26
5.999999999999997e-02	-3.035652e-14
8.999999999999997e-02	-3.319309e-09
1.200000000000000e-01	-6.621068e-20
1.500000000000000e-01	-1.297052e-31
1.800000000000000e-01	-7.656707e-30
2.100000000000000e-01	-3.842895e-18
2.400000000000000e-01	-1.077911e-08
2.700000000000000e-01	-5.657364e-16
3.000000000000000e-01	-1.268067e-27
Step Information: Vbias=10m  (Step: 2/30)
-3.000000000000000e-01	-1.381005e-27
-2.700000000000000e-01	-6.351694e-16
-2.400000000000000e-01	-2.257378e-08
-2.100000000000000e-01	-2.029584e-12
-1.800000000000000e-01	-6.335692e-24
-1.500000000000000e-01	-1.360851e-31
-1.200000000000000e-01	-7.357640e-20
-9.000000000000002e-02	-3.545950e-09
-6.000000000000003e-02	-3.209232e-09
-3.000000000000003e-02	-6.057262e-20
-2.775557561562891e-17	-1.157029e-31
2.999999999999997e-02	-7.707216e-24
5.999999999999997e-02	-2.435813e-12
8.999999999999997e-02	-2.234253e-08
1.200000000000000e-01	-5.245195e-16
1.500000000000000e-01	-1.134319e-27
1.800000000000000e-01	-7.652161e-28
2.100000000000000e-01	-3.575828e-16
2.400000000000000e-01	-2.184853e-08
2.700000000000000e-01	-3.504028e-12
3.000000000000000e-01	-1.140443e-23
Step Information: Vbias=15m  (Step: 3/30)
-3.000000000000000e-01	-1.345547e-25
-2.700000000000000e-01	-5.307159e-14
-2.400000000000000e-01	-3.368833e-08
-2.100000000000000e-01	-2.959367e-09
-1.800000000000000e-01	-5.342394e-20
-1.500000000000000e-01	-1.318828e-29
-1.200000000000000e-01	-6.771169e-18
-9.000000000000002e-02	-1.520250e-08
-6.000000000000003e-02	-2.572504e-08
-3.000000000000003e-02	-4.636954e-16
-2.775557561562891e-17	-9.918747e-28
2.999999999999997e-02	-7.372479e-22
5.999999999999997e-02	-1.408670e-10
8.999999999999997e-02	-3.707648e-08
1.200000000000000e-01	-3.089932e-12
1.500000000000000e-01	-1.001868e-23
1.800000000000000e-01	-7.462524e-26
2.100000000000000e-01	-3.017683e-14
2.400000000000000e-01	-3.296256e-08
2.700000000000000e-01	-3.995212e-09
3.000000000000000e-01	-9.575624e-20
Step Information: Vbias=20m  (Step: 4/30)
-3.000000000000000e-01	-1.280251e-23
-2.700000000000000e-01	-3.827132e-12
-2.400000000000000e-01	-4.480141e-08
-2.100000000000000e-01	-2.704855e-08
-1.800000000000000e-01	-4.006293e-16
-1.500000000000000e-01	-2.122061e-27
-1.200000000000000e-01	-5.873927e-16
-9.000000000000002e-02	-2.802073e-08
-6.000000000000003e-02	-4.432282e-08
-3.000000000000003e-02	-2.665441e-12
-2.775557561562891e-17	-8.650589e-24
2.999999999999997e-02	-6.814417e-20
5.999999999999997e-02	-3.320816e-09
8.999999999999997e-02	-4.999934e-08
1.200000000000000e-01	-3.670575e-09
1.500000000000000e-01	-8.277342e-20
1.800000000000000e-01	-7.110578e-24
2.100000000000000e-01	-2.222926e-12
2.400000000000000e-01	-4.407563e-08
2.700000000000000e-01	-2.849901e-08
3.000000000000000e-01	-7.111342e-16
Step Information: Vbias=25m  (Step: 5/30)
-3.000000000000000e-01	-1.188240e-21
-2.700000000000000e-01	-2.012517e-10
-2.400000000000000e-01	-5.591370e-08
-2.100000000000000e-01	-4.837610e-08
-1.800000000000000e-01	-2.274120e-12
-1.500000000000000e-01	-7.506613e-24
-1.200000000000000e-01	-4.710650e-14
-9.000000000000002e-02	-4.021723e-08
-6.000000000000003e-02	-5.992690e-08
-3.000000000000003e-02	-3.344122e-09
-2.775557561562891e-17	-7.067005e-20
2.999999999999997e-02	-6.059949e-18
5.999999999999997e-02	-1.538849e-08
8.999999999999997e-02	-6.219750e-08
1.200000000000000e-01	-2.915641e-08
1.500000000000000e-01	-6.065048e-16
1.800000000000000e-01	-6.613168e-22
2.100000000000000e-01	-1.240898e-10
2.400000000000000e-01	-5.518793e-08
2.700000000000000e-01	-4.939219e-08
3.000000000000000e-01	-3.911632e-12
Step Information: Vbias=30m  (Step: 6/30)
-3.000000000000000e-01	-1.072278e-19
-2.700000000000000e-01	-4.091065e-09
-2.400000000000000e-01	-6.702560e-08
-2.100000000000000e-01	-6.629983e-08
-1.800000000000000e-01	-3.028851e-09
-1.500000000000000e-01	-5.985980e-20
-1.200000000000000e-01	-3.318209e-12
-9.000000000000002e-02	-5.205302e-08
-6.000000000000003e-02	-7.403332e-08
-3.000000000000003e-02	-2.934948e-08
-2.775557561562891e-17	-5.131859e-16
2.999999999999997e-02	-5.131859e-16
5.999999999999997e-02	-2.934948e-08
8.999999999999997e-02	-7.403332e-08
1.200000000000000e-01	-5.205302e-08
1.500000000000000e-01	-3.318209e-12
1.800000000000000e-01	-5.985980e-20
2.100000000000000e-01	-3.028851e-09
2.400000000000000e-01	-6.629983e-08
2.700000000000000e-01	-6.702560e-08
3.000000000000000e-01	-4.091065e-09
Step Information: Vbias=35m  (Step: 7/30)
-3.000000000000000e-01	-9.395740e-18
-2.700000000000000e-01	-1.696749e-08
-2.400000000000000e-01	-7.813728e-08
-2.100000000000000e-01	-8.227709e-08
-1.800000000000000e-01	-2.927727e-08
-1.500000000000000e-01	-4.319517e-16
-1.200000000000000e-01	-1.743556e-10
-9.000000000000002e-02	-6.368177e-08
-6.000000000000003e-02	-8.728393e-08
-3.000000000000003e-02	-5.374323e-08
-2.775557561562891e-17	-2.803581e-12
2.999999999999997e-02	-4.049566e-14
5.999999999999997e-02	-4.259759e-08
8.999999999999997e-02	-8.566207e-08
1.200000000000000e-01	-7.158372e-08
1.500000000000000e-01	-3.726561e-09
1.800000000000000e-01	-5.328685e-18
2.100000000000000e-01	-1.507015e-08
2.400000000000000e-01	-7.741151e-08
2.700000000000000e-01	-8.279550e-08
3.000000000000000e-01	-3.103849e-08
Step Information: Vbias=40m  (Step: 8/30)
-3.000000000000000e-01	-1.139494e-15
-2.700000000000000e-01	-3.146174e-08
-2.400000000000000e-01	-8.924881e-08
-2.100000000000000e-01	-9.703781e-08
-1.800000000000000e-01	-5.482682e-08
-1.500000000000000e-01	-2.362186e-12
-1.200000000000000e-01	-3.736050e-09
-9.000000000000002e-02	-7.518111e-08
-6.000000000000003e-02	-9.999967e-08
-3.000000000000003e-02	-7.481822e-08
-2.775557561562891e-17	-3.379732e-09
2.999999999999997e-02	-2.829924e-12
5.999999999999997e-02	-5.531330e-08
8.999999999999997e-02	-9.716141e-08
1.200000000000000e-01	-8.900953e-08
1.500000000000000e-01	-3.085995e-08
1.800000000000000e-01	-1.080802e-15
2.100000000000000e-01	-2.964873e-08
2.400000000000000e-01	-8.852304e-08
2.700000000000000e-01	-9.740070e-08
3.000000000000000e-01	-5.627837e-08
Step Information: Vbias=45m  (Step: 9/30)
-3.000000000000000e-01	-2.046417e-12
-2.700000000000000e-01	-4.528858e-08
-2.400000000000000e-01	-1.003603e-07
-2.100000000000000e-01	-1.109875e-07
-1.800000000000000e-01	-7.717033e-08
-1.500000000000000e-01	-3.052859e-09
-1.200000000000000e-01	-1.652329e-08
-9.000000000000002e-02	-8.659418e-08
-6.000000000000003e-02	-1.123588e-07
-3.000000000000003e-02	-9.367903e-08
-2.775557561562891e-17	-3.055766e-08
2.999999999999997e-02	-1.499253e-10
5.999999999999997e-02	-6.767246e-08
8.999999999999997e-02	-1.085745e-07
1.200000000000000e-01	-1.050321e-07
1.500000000000000e-01	-5.704520e-08
1.800000000000000e-01	-3.448094e-12
2.100000000000000e-01	-4.359512e-08
2.400000000000000e-01	-9.963448e-08
2.700000000000000e-01	-1.112294e-07
3.000000000000000e-01	-7.837995e-08
Step Information: Vbias=50m  (Step: 10/30)
-3.000000000000000e-01	-2.751180e-09
-2.700000000000000e-01	-5.857376e-08
-2.400000000000000e-01	-1.114716e-07
-2.100000000000000e-01	-1.243695e-07
-1.800000000000000e-01	-9.726736e-08
-1.500000000000000e-01	-3.016878e-08
-1.200000000000000e-01	-3.142781e-08
-9.000000000000002e-02	-9.794686e-08
-6.000000000000003e-02	-1.244684e-07
-3.000000000000003e-02	-1.109899e-07
-2.775557561562891e-17	-5.751140e-08
2.999999999999997e-02	-3.394611e-09
5.999999999999997e-02	-7.978201e-08
8.999999999999997e-02	-1.199272e-07
1.200000000000000e-01	-1.200723e-07
1.500000000000000e-01	-8.021747e-08
1.800000000000000e-01	-3.751772e-09
2.100000000000000e-01	-5.697705e-08
2.400000000000000e-01	-1.107459e-07
2.700000000000000e-01	-1.245147e-07
3.000000000000000e-01	-9.828345e-08
Step Information: Vbias=55m  (Step: 11/30)
-3.000000000000000e-01	-2.990232e-08
-2.700000000000000e-01	-7.146368e-08
-2.400000000000000e-01	-1.225830e-07
-2.100000000000000e-01	-1.373386e-07
-1.800000000000000e-01	-1.157306e-07
-1.500000000000000e-01	-5.775900e-08
-1.200000000000000e-01	-4.575326e-08
-9.000000000000002e-02	-1.092556e-07
-6.000000000000003e-02	-1.363964e-07
-3.000000000000003e-02	-1.271735e-07
-2.775557561562891e-17	-8.158701e-08
2.999999999999997e-02	-1.918612e-08
5.999999999999997e-02	-9.171001e-08
8.999999999999997e-02	-1.312359e-07
1.200000000000000e-01	-1.343982e-07
1.500000000000000e-01	-1.011968e-07
1.800000000000000e-01	-3.174809e-08
2.100000000000000e-01	-6.994615e-08
2.400000000000000e-01	-1.218572e-07
2.700000000000000e-01	-1.374046e-07
3.000000000000000e-01	-1.165883e-07
Step Information: Vbias=60m  (Step: 12/30)
-3.000000000000000e-01	-6.118130e-08
-2.700000000000000e-01	-8.405859e-08
-2.400000000000000e-01	-1.336942e-07
-2.100000000000000e-01	-1.499980e-07
-1.800000000000000e-01	-1.329685e-07
-1.500000000000000e-01	-8.260810e-08
-1.200000000000000e-01	-6.199561e-08
-9.000000000000002e-02	-1.205314e-07
-6.000000000000003e-02	-1.481882e-07
-3.000000000000003e-02	-1.425117e-07
-2.775557561562891e-17	-1.035019e-07
2.999999999999997e-02	-5.907689e-08
5.999999999999997e-02	-1.035019e-07
8.999999999999997e-02	-1.425117e-07
1.200000000000000e-01	-1.481882e-07
1.500000000000000e-01	-1.205314e-07
1.800000000000000e-01	-6.199561e-08
2.100000000000000e-01	-8.260810e-08
2.400000000000000e-01	-1.329685e-07
2.700000000000000e-01	-1.499980e-07
3.000000000000000e-01	-1.336942e-07
Step Information: Vbias=65m  (Step: 13/30)
-3.000000000000000e-01	-9.622598e-08
-2.700000000000000e-01	-9.834712e-08
-2.400000000000000e-01	-1.448055e-07
-2.100000000000000e-01	-1.624193e-07
-1.800000000000000e-01	-1.492638e-07
-1.500000000000000e-01	-1.054583e-07
-1.200000000000000e-01	-9.662109e-08
-9.000000000000002e-02	-1.317819e-07
-6.000000000000003e-02	-1.598754e-07
-3.000000000000003e-02	-1.571996e-07
-2.775557561562891e-17	-1.237547e-07
2.999999999999997e-02	-9.691858e-08
5.999999999999997e-02	-1.151909e-07
8.999999999999997e-02	-1.537622e-07
1.200000000000000e-01	-1.615662e-07
1.500000000000000e-01	-1.386009e-07
1.800000000000000e-01	-9.619112e-08
2.100000000000000e-01	-9.767004e-08
2.400000000000000e-01	-1.440797e-07
2.700000000000000e-01	-1.623634e-07
3.000000000000000e-01	-1.498779e-07
Step Information: Vbias=70m  (Step: 14/30)
-3.000000000000000e-01	-1.293328e-07
-2.700000000000000e-01	-1.291579e-07
-2.400000000000000e-01	-1.559168e-07
-2.100000000000000e-01	-1.746533e-07
-1.800000000000000e-01	-1.648185e-07
-1.500000000000000e-01	-1.287701e-07
-1.200000000000000e-01	-1.305861e-07
-9.000000000000002e-02	-1.430139e-07
-6.000000000000003e-02	-1.714802e-07
-3.000000000000003e-02	-1.713765e-07
-2.775557561562891e-17	-1.427031e-07
2.999999999999997e-02	-1.306013e-07
5.999999999999997e-02	-1.289228e-07
8.999999999999997e-02	-1.649928e-07
1.200000000000000e-01	-1.746203e-07
1.500000000000000e-01	-1.556763e-07
1.800000000000000e-01	-1.292024e-07
2.100000000000000e-01	-1.292899e-07
2.400000000000000e-01	-1.551910e-07
2.700000000000000e-01	-1.745496e-07
3.000000000000000e-01	-1.653369e-07
Step Information: Vbias=75m  (Step: 15/30)
-3.000000000000000e-01	-1.593866e-07
-2.700000000000000e-01	-1.603212e-07
-2.400000000000000e-01	-1.670290e-07
-2.100000000000000e-01	-1.867377e-07
-1.800000000000000e-01	-1.797807e-07
-1.500000000000000e-01	-1.560931e-07
-1.200000000000000e-01	-1.615349e-07
-9.000000000000002e-02	-1.559642e-07
-6.000000000000003e-02	-1.830192e-07
-3.000000000000003e-02	-1.851447e-07
-2.775557561562891e-17	-1.606864e-07
2.999999999999997e-02	-1.611633e-07
5.999999999999997e-02	-1.577769e-07
8.999999999999997e-02	-1.762074e-07
1.200000000000000e-01	-1.874153e-07
1.500000000000000e-01	-1.719565e-07
1.800000000000000e-01	-1.592157e-07
2.100000000000000e-01	-1.604459e-07
2.400000000000000e-01	-1.663040e-07
2.700000000000000e-01	-1.865925e-07
3.000000000000000e-01	-1.802161e-07
Step Information: Vbias=80m  (Step: 16/30)
-3.000000000000000e-01	-1.870394e-07
-2.700000000000000e-01	-1.892501e-07
-2.400000000000000e-01	-1.795702e-07
-2.100000000000000e-01	-1.987003e-07
-1.800000000000000e-01	-1.942615e-07
-1.500000000000000e-01	-1.830266e-07
-1.200000000000000e-01	-1.901347e-07
-9.000000000000002e-02	-1.828212e-07
-6.000000000000003e-02	-1.945048e-07
-3.000000000000003e-02	-1.985807e-07
-2.775557561562891e-17	-1.794291e-07
2.999999999999997e-02	-1.893223e-07
5.999999999999997e-02	-1.869010e-07
8.999999999999997e-02	-1.874105e-07
1.200000000000000e-01	-1.999998e-07
1.500000000000000e-01	-1.875917e-07
1.800000000000000e-01	-1.868307e-07
2.100000000000000e-01	-1.893572e-07
2.400000000000000e-01	-1.793760e-07
2.700000000000000e-01	-1.985189e-07
3.000000000000000e-01	-1.946244e-07
Step Information: Vbias=85m  (Step: 17/30)
-3.000000000000000e-01	-2.128111e-07
-2.700000000000000e-01	-2.163776e-07
-2.400000000000000e-01	-2.049730e-07
-2.100000000000000e-01	-2.105629e-07
-1.800000000000000e-01	-2.083459e-07
-1.500000000000000e-01	-2.082106e-07
-1.200000000000000e-01	-2.168673e-07
-9.000000000000002e-02	-2.104695e-07
-6.000000000000003e-02	-2.059473e-07
-3.000000000000003e-02	-2.117432e-07
-2.775557561562891e-17	-2.020959e-07
2.999999999999997e-02	-2.155886e-07
5.999999999999997e-02	-2.143248e-07
8.999999999999997e-02	-2.002445e-07
1.200000000000000e-01	-2.124110e-07
1.500000000000000e-01	-2.027529e-07
1.800000000000000e-01	-2.125668e-07
2.100000000000000e-01	-2.164618e-07
2.400000000000000e-01	-2.053708e-07
2.700000000000000e-01	-2.103494e-07
3.000000000000000e-01	-2.086448e-07
Step Information: Vbias=90m  (Step: 18/30)
-3.000000000000000e-01	-2.370811e-07
-2.700000000000000e-01	-2.420307e-07
-2.400000000000000e-01	-2.315524e-07
-2.100000000000000e-01	-2.223427e-07
-1.800000000000000e-01	-2.221014e-07
-1.500000000000000e-01	-2.319379e-07
-1.200000000000000e-01	-2.420887e-07
-9.000000000000002e-02	-2.368031e-07
-6.000000000000003e-02	-2.187357e-07
-3.000000000000003e-02	-2.246778e-07
-2.775557561562891e-17	-2.251619e-07
2.999999999999997e-02	-2.403358e-07
5.999999999999997e-02	-2.403358e-07
8.999999999999997e-02	-2.251619e-07
1.200000000000000e-01	-2.246778e-07
1.500000000000000e-01	-2.187357e-07
1.800000000000000e-01	-2.368031e-07
2.100000000000000e-01	-2.420887e-07
2.400000000000000e-01	-2.319379e-07
2.700000000000000e-01	-2.221014e-07
3.000000000000000e-01	-2.223427e-07
Step Information: Vbias=95m  (Step: 19/30)
-3.000000000000000e-01	-2.601319e-07
-2.700000000000000e-01	-2.664596e-07
-2.400000000000000e-01	-2.570950e-07
-2.100000000000000e-01	-2.352207e-07
-1.800000000000000e-01	-2.356496e-07
-1.500000000000000e-01	-2.544855e-07
-1.200000000000000e-01	-2.660680e-07
-9.000000000000002e-02	-2.620112e-07
-6.000000000000003e-02	-2.428616e-07
-3.000000000000003e-02	-2.374204e-07
-2.775557561562891e-17	-2.471882e-07
2.999999999999997e-02	-2.638436e-07
5.999999999999997e-02	-2.651595e-07
8.999999999999997e-02	-2.509589e-07
1.200000000000000e-01	-2.368241e-07
1.500000000000000e-01	-2.384396e-07
1.800000000000000e-01	-2.598222e-07
2.100000000000000e-01	-2.664897e-07
2.400000000000000e-01	-2.574608e-07
2.700000000000000e-01	-2.353868e-07
3.000000000000000e-01	-2.358122e-07
Step Information: Vbias=100m  (Step: 20/30)
-3.000000000000000e-01	-2.821787e-07
-2.700000000000000e-01	-2.898596e-07
-2.400000000000000e-01	-2.817244e-07
-2.100000000000000e-01	-2.587650e-07
-1.800000000000000e-01	-2.503336e-07
-1.500000000000000e-01	-2.760645e-07
-1.200000000000000e-01	-2.890125e-07
-9.000000000000002e-02	-2.862490e-07
-6.000000000000003e-02	-2.681126e-07
-3.000000000000003e-02	-2.500019e-07
-2.775557561562891e-17	-2.682954e-07
2.999999999999997e-02	-2.863260e-07
5.999999999999997e-02	-2.889744e-07
8.999999999999997e-02	-2.759159e-07
1.200000000000000e-01	-2.502364e-07
1.500000000000000e-01	-2.589792e-07
1.800000000000000e-01	-2.818392e-07
2.100000000000000e-01	-2.898609e-07
2.400000000000000e-01	-2.820663e-07
2.700000000000000e-01	-2.594059e-07
3.000000000000000e-01	-2.500685e-07
Step Information: Vbias=105m  (Step: 21/30)
-3.000000000000000e-01	-3.033883e-07
-2.700000000000000e-01	-3.123854e-07
-2.400000000000000e-01	-3.055474e-07
-2.100000000000000e-01	-2.836381e-07
-1.800000000000000e-01	-2.685263e-07
-1.500000000000000e-01	-2.968383e-07
-1.200000000000000e-01	-3.110852e-07
-9.000000000000002e-02	-3.096436e-07
-6.000000000000003e-02	-2.926754e-07
-3.000000000000003e-02	-2.636712e-07
-2.775557561562891e-17	-2.886382e-07
2.999999999999997e-02	-3.079497e-07
5.999999999999997e-02	-3.119238e-07
8.999999999999997e-02	-3.001149e-07
1.200000000000000e-01	-2.738301e-07
1.500000000000000e-01	-2.788902e-07
1.800000000000000e-01	-3.030207e-07
2.100000000000000e-01	-3.123577e-07
2.400000000000000e-01	-3.058626e-07
2.700000000000000e-01	-2.842616e-07
3.000000000000000e-01	-2.678076e-07
Step Information: Vbias=110m  (Step: 22/30)
-3.000000000000000e-01	-3.238920e-07
-2.700000000000000e-01	-3.341614e-07
-2.400000000000000e-01	-3.286545e-07
-2.100000000000000e-01	-3.079380e-07
-1.800000000000000e-01	-2.883943e-07
-1.500000000000000e-01	-3.169351e-07
-1.200000000000000e-01	-3.324155e-07
-9.000000000000002e-02	-3.323003e-07
-6.000000000000003e-02	-3.166015e-07
-3.000000000000003e-02	-2.881091e-07
-2.775557561562891e-17	-3.083393e-07
2.999999999999997e-02	-3.288466e-07
5.999999999999997e-02	-3.341246e-07
8.999999999999997e-02	-3.236301e-07
1.200000000000000e-01	-2.984350e-07
1.500000000000000e-01	-2.982038e-07
1.800000000000000e-01	-3.234979e-07
2.100000000000000e-01	-3.341049e-07
2.400000000000000e-01	-3.289414e-07
2.700000000000000e-01	-3.085389e-07
3.000000000000000e-01	-2.879791e-07
Step Information: Vbias=115m  (Step: 23/30)
-3.000000000000000e-01	-3.437947e-07
-2.700000000000000e-01	-3.552890e-07
-2.400000000000000e-01	-3.511235e-07
-2.100000000000000e-01	-3.316943e-07
-1.800000000000000e-01	-3.167574e-07
-1.500000000000000e-01	-3.364570e-07
-1.200000000000000e-01	-3.531081e-07
-9.000000000000002e-02	-3.543074e-07
-6.000000000000003e-02	-3.399406e-07
-3.000000000000003e-02	-3.168587e-07
-2.775557561562891e-17	-3.274972e-07
2.999999999999997e-02	-3.491222e-07
5.999999999999997e-02	-3.556727e-07
8.999999999999997e-02	-3.465267e-07
1.200000000000000e-01	-3.225884e-07
1.500000000000000e-01	-3.181128e-07
1.800000000000000e-01	-3.433757e-07
2.100000000000000e-01	-3.552042e-07
2.400000000000000e-01	-3.513809e-07
2.700000000000000e-01	-3.322695e-07
3.000000000000000e-01	-3.167536e-07
Step Information: Vbias=120m  (Step: 24/30)
-3.000000000000000e-01	-3.631812e-07
-2.700000000000000e-01	-3.758514e-07
-2.400000000000000e-01	-3.730210e-07
-2.100000000000000e-01	-3.549403e-07
-1.800000000000000e-01	-3.458322e-07
-1.500000000000000e-01	-3.554872e-07
-1.200000000000000e-01	-3.732484e-07
-9.000000000000002e-02	-3.757390e-07
-6.000000000000003e-02	-3.627388e-07
-3.000000000000003e-02	-3.458438e-07
-2.775557561562891e-17	-3.471012e-07
2.999999999999997e-02	-3.688625e-07
5.999999999999997e-02	-3.766481e-07
8.999999999999997e-02	-3.688625e-07
1.200000000000000e-01	-3.471012e-07
1.500000000000000e-01	-3.458438e-07
1.800000000000000e-01	-3.627388e-07
2.100000000000000e-01	-3.757390e-07
2.400000000000000e-01	-3.732484e-07
2.700000000000000e-01	-3.554872e-07
3.000000000000000e-01	-3.458322e-07
Step Information: Vbias=125m  (Step: 25/30)
-3.000000000000000e-01	-3.821214e-07
-2.700000000000000e-01	-3.959181e-07
-2.400000000000000e-01	-3.944049e-07
-2.100000000000000e-01	-3.777522e-07
-1.800000000000000e-01	-3.740867e-07
-1.500000000000000e-01	-3.748450e-07
-1.200000000000000e-01	-3.929070e-07
-9.000000000000002e-02	-3.966584e-07
-6.000000000000003e-02	-3.850387e-07
-3.000000000000003e-02	-3.739976e-07
-2.775557561562891e-17	-3.739022e-07
2.999999999999997e-02	-3.881380e-07
5.999999999999997e-02	-3.971179e-07
8.999999999999997e-02	-3.906889e-07
1.200000000000000e-01	-3.738319e-07
1.500000000000000e-01	-3.740571e-07
1.800000000000000e-01	-3.816572e-07
2.100000000000000e-01	-3.957789e-07
2.400000000000000e-01	-3.946023e-07
2.700000000000000e-01	-3.782520e-07
3.000000000000000e-01	-3.740847e-07
Step Information: Vbias=130m  (Step: 26/30)
-3.000000000000000e-01	-4.012939e-07
-2.700000000000000e-01	-4.155473e-07
-2.400000000000000e-01	-4.153254e-07
-2.100000000000000e-01	-4.009790e-07
-1.800000000000000e-01	-4.015893e-07
-1.500000000000000e-01	-4.008314e-07
-1.200000000000000e-01	-4.121426e-07
-9.000000000000002e-02	-4.171197e-07
-6.000000000000003e-02	-4.068798e-07
-3.000000000000003e-02	-4.013480e-07
-2.775557561562891e-17	-4.013401e-07
2.999999999999997e-02	-4.070076e-07
5.999999999999997e-02	-4.171387e-07
8.999999999999997e-02	-4.120511e-07
1.200000000000000e-01	-4.008450e-07
1.500000000000000e-01	-4.015868e-07
1.800000000000000e-01	-4.010493e-07
2.100000000000000e-01	-4.153821e-07
2.400000000000000e-01	-4.154930e-07
2.700000000000000e-01	-4.012069e-07
3.000000000000000e-01	-4.015815e-07
Step Information: Vbias=135m  (Step: 27/30)
-3.000000000000000e-01	-4.265770e-07
-2.700000000000000e-01	-4.347881e-07
-2.400000000000000e-01	-4.358264e-07
-2.100000000000000e-01	-4.260912e-07
-1.800000000000000e-01	-4.284028e-07
-1.500000000000000e-01	-4.275866e-07
-1.200000000000000e-01	-4.310050e-07
-9.000000000000002e-02	-4.371696e-07
-6.000000000000003e-02	-4.283299e-07
-3.000000000000003e-02	-4.279683e-07
-2.775557561562891e-17	-4.282172e-07
2.999999999999997e-02	-4.262387e-07
5.999999999999997e-02	-4.367589e-07
8.999999999999997e-02	-4.329896e-07
1.200000000000000e-01	-4.271620e-07
1.500000000000000e-01	-4.284815e-07
1.800000000000000e-01	-4.266528e-07
2.100000000000000e-01	-4.345978e-07
2.400000000000000e-01	-4.359646e-07
2.700000000000000e-01	-4.260249e-07
3.000000000000000e-01	-4.283859e-07
Step Information: Vbias=140m  (Step: 28/30)
-3.000000000000000e-01	-4.527406e-07
-2.700000000000000e-01	-4.536829e-07
-2.400000000000000e-01	-4.559465e-07
-2.100000000000000e-01	-4.513127e-07
-1.800000000000000e-01	-4.545834e-07
-1.500000000000000e-01	-4.538855e-07
-1.200000000000000e-01	-4.501354e-07
-9.000000000000002e-02	-4.568485e-07
-6.000000000000003e-02	-4.500649e-07
-3.000000000000003e-02	-4.539239e-07
-2.775557561562891e-17	-4.545646e-07
2.999999999999997e-02	-4.512351e-07
5.999999999999997e-02	-4.560202e-07
8.999999999999997e-02	-4.535409e-07
1.200000000000000e-01	-4.527990e-07
1.500000000000000e-01	-4.547868e-07
1.800000000000000e-01	-4.528279e-07
2.100000000000000e-01	-4.534687e-07
2.400000000000000e-01	-4.560559e-07
2.700000000000000e-01	-4.511960e-07
3.000000000000000e-01	-4.545549e-07
Step Information: Vbias=145m  (Step: 29/30)
-3.000000000000000e-01	-4.785358e-07
-2.700000000000000e-01	-4.727674e-07
-2.400000000000000e-01	-4.757196e-07
-2.100000000000000e-01	-4.759536e-07
-1.800000000000000e-01	-4.801816e-07
-1.500000000000000e-01	-4.797456e-07
-1.200000000000000e-01	-4.746194e-07
-9.000000000000002e-02	-4.761914e-07
-6.000000000000003e-02	-4.734491e-07
-3.000000000000003e-02	-4.792725e-07
-2.775557561562891e-17	-4.804134e-07
2.999999999999997e-02	-4.769049e-07
5.999999999999997e-02	-4.749587e-07
8.999999999999997e-02	-4.737610e-07
1.200000000000000e-01	-4.778182e-07
1.500000000000000e-01	-4.805445e-07
1.800000000000000e-01	-4.786295e-07
2.100000000000000e-01	-4.727233e-07
2.400000000000000e-01	-4.758008e-07
2.700000000000000e-01	-4.758083e-07
3.000000000000000e-01	-4.801396e-07
Step Information: Vbias=150m  (Step: 30/30)
-3.000000000000000e-01	-5.039696e-07
-2.700000000000000e-01	-4.968246e-07
-2.400000000000000e-01	-4.951763e-07
-2.100000000000000e-01	-5.000364e-07
-1.800000000000000e-01	-5.052429e-07
-1.500000000000000e-01	-5.051859e-07
-1.200000000000000e-01	-4.998636e-07
-9.000000000000002e-02	-4.952298e-07
-6.000000000000003e-02	-4.970374e-07
-3.000000000000003e-02	-5.040657e-07
-2.775557561562891e-17	-5.057929e-07
2.999999999999997e-02	-5.022748e-07
5.999999999999997e-02	-4.941887e-07
8.999999999999997e-02	-4.941887e-07
1.200000000000000e-01	-5.022748e-07
1.500000000000000e-01	-5.057929e-07
1.800000000000000e-01	-5.040657e-07
2.100000000000000e-01	-4.970374e-07
2.400000000000000e-01	-4.952298e-07
2.700000000000000e-01	-4.998636e-07
3.000000000000000e-01	-5.051859e-07
